.Random.seed <-
c(403L, 536L, -606407822L, -1636605689L, 1474751187L, -955796148L, 
1073592517L, 1664111447L, -518052688L, -1258829236L, -382544280L, 
-911881984L, -916484515L, -1737402351L, -1441836970L, 572025840L, 
1557110025L, 1130609636L, -579315056L, 1597255852L, 740772465L, 
-766422383L, 982669775L, -1957052454L, 298047343L, 1653295176L, 
-1207301599L, 5348930L, 1688197056L, -446638913L, -406780413L, 
-1537364665L, 747802410L, -891459724L, 938411762L, -780718976L, 
-267895317L, -179181704L, 160192244L, 1435975306L, -1398732035L, 
-72024620L, 1802419327L, 936098098L, -1337905578L, -1801247495L, 
-1476577811L, -482634830L, -2049286030L, -581909144L, 92594575L, 
-1955480586L, 2041286625L, -782502853L, -1936046462L, 160324145L, 
-828340182L, 136993902L, -1130587781L, 1472937007L, -1406609088L, 
904168911L, 398786737L, -2021481529L, 109875040L, 1490647811L, 
353932149L, -73196678L, -1128660050L, 403528663L, 1748341519L, 
-1390976518L, -1037633521L, 1124983843L, 916631272L, -2074085306L, 
2104807505L, -1070406794L, -635594026L, -1896115904L, -42928555L, 
-1104006692L, -1810196060L, 1807986627L, -488083167L, 669381941L, 
1290204685L, 1009898917L, 1556654836L, 2132390586L, -863145122L, 
-176670799L, -2136349739L, 1826121633L, -340433929L, 1376533651L, 
510477596L, 586835900L, -1076320086L, 2144941452L, -326226270L, 
-1720169160L, -136717099L, -1932835597L, 2135790705L, 1777168351L, 
360258388L, 836643870L, 2074824950L, 183811412L, -240492767L, 
-957655983L, 558779730L, 286473089L, 508845084L, -962453270L, 
-1436934610L, 2132061912L, 190240404L, 1995651491L, 677513613L, 
-659456217L, 2015475515L, -1659864793L, -1141304142L, -947093387L, 
481301092L, -900185288L, 560581185L, 1287777264L, -173182180L, 
-1016012670L, 1741601867L, -1811741448L, 259051105L, -150743165L, 
1284246068L, -965906181L, -629377756L, 356751037L, -669193794L, 
692883085L, 1788160757L, 946307633L, 1238420288L, 268591584L, 
-1374636282L, -1524931466L, 2144619165L, -1517022326L, 180252401L, 
179810823L, -894078845L, -346291624L, -468217016L, 1110810574L, 
-844596450L, -112676896L, 1246890941L, 1505534735L, -1544267223L, 
-61824020L, -710952450L, 1452549903L, -842481957L, -267478277L, 
1587966776L, -926042569L, 1399591177L, 1130172807L, -1612498710L, 
1326790015L, -560594060L, 959349046L, 1331825331L, 641790652L, 
-1134874982L, 488594911L, -1920538442L, -174205706L, 914146355L, 
599604828L, -1682222706L, 2021595325L, -744731710L, 537282182L, 
-83729774L, -665610978L, 1655803470L, -1130708507L, -672018088L, 
1384984060L, -1502668154L, -2124814603L, 1506612230L, 1194948818L, 
1358538254L, 1957590506L, -898064215L, -778312811L, -519028709L, 
269174434L, 1410568285L, -861259551L, -791587067L, -223379800L, 
403769161L, 1668342080L, -1170494130L, 95202839L, -1542842322L, 
916558841L, 1314010917L, -1402528344L, -135174464L, -1516695426L, 
1545944883L, -1117054514L, 839213464L, -422654627L, 942860691L, 
96076684L, -1944528235L, 877769936L, -1785259837L, 1242428377L, 
-2090326205L, 1260317144L, 1736523205L, 133195801L, -1825630555L, 
-1649921206L, -1434406501L, 2125406210L, -866296219L, -675075061L, 
482537310L, -1257792169L, 1253008187L, -1136039021L, 1921554297L, 
-1293393501L, -294153177L, -903675656L, -226719678L, 1875743199L, 
-69272568L, -1154273804L, -85775934L, 955195030L, -1265034780L, 
2072429868L, -81549662L, 1051847700L, 1958124201L, -2072032147L, 
1943913383L, 89626946L, -454778348L, -1809010207L, -1849593618L, 
-740738178L, -955133599L, 220202871L, -26217858L, 1267808726L, 
-409986533L, 1042138231L, -595206913L, 2086088059L, -1473870781L, 
581924631L, 560619034L, 798009630L, -1118698609L, 1572347247L, 
-399353325L, 2146468966L, 1443567430L, -1018992252L, -110659568L, 
573889241L, -1768839858L, 267739831L, 230597946L, 589750755L, 
-610774897L, 1135515116L, -554997524L, -73100287L, -1148584313L, 
192760619L, -588147982L, -1967086974L, -994258451L, -923937580L, 
1163301475L, -1449387420L, -1725702195L, 1184087182L, -309354095L, 
-1733352731L, 1147053948L, -169655833L, -340445482L, -1675926941L, 
-893754636L, -674072208L, 1235938146L, -1045988781L, 1188589729L, 
-839551311L, -1880615608L, 2069449861L, -223908854L, 73702605L, 
1772652643L, -1878823984L, -2073066301L, -502531194L, -60952524L, 
1852911544L, 1606711089L, 1610977933L, -36013598L, 1294151347L, 
-1384969977L, 2126073105L, -1101101240L, -1838697707L, -1864717344L, 
-1578012776L, 159684573L, 2145956642L, -640654156L, -1889854163L, 
1165693102L, -1206008232L, -2093107832L, -253442074L, -1664811651L, 
-1442557670L, -439650625L, -1319809446L, 133190736L, 1845566773L, 
-2107101635L, 945519166L, 1644104459L, -1863170627L, 1399661414L, 
-1648328805L, 1309426026L, 976865710L, 780476595L, 880215207L, 
-1684181972L, -1615475959L, 810187207L, 920564356L, 1166889407L, 
-16564224L, 1706820133L, 1896336209L, -1534531264L, 613307771L, 
-2098361449L, -379764467L, -1244530161L, -1410964685L, -1567882066L, 
-1069943697L, 849345283L, -421842069L, 57462678L, -1004332175L, 
1717610834L, 1826401636L, 1111985478L, 1996341147L, -1421022832L, 
1063262359L, 377848162L, -582752233L, -1324764614L, -1629395339L, 
1012306977L, 905648064L, 1618918419L, -1995323839L, -1249871242L, 
1651322872L, -706553935L, -123399151L, -1831522148L, 1901024149L, 
-1726895628L, 1687922338L, 352784887L, 216943290L, -869798000L, 
-632954774L, 2061064395L, 1029228730L, -1417654501L, 187547493L, 
1958089137L, 1391876879L, -1394508519L, -1904919473L, -646877357L, 
-1737846215L, 1525136361L, -243526099L, -1510401376L, -1861453444L, 
1639323262L, -1481669817L, 1275195478L, 807728879L, 1375244565L, 
-1476074556L, 791183787L, 1380081553L, -1597236548L, 1249209823L, 
273542132L, -74336559L, -390489266L, -101630595L, 1937381259L, 
1547500845L, 1035580958L, -2121463014L, -1946531917L, -315758587L, 
-1987605740L, -1521847352L, -774839783L, 1226430370L, -1737969396L, 
-1384733836L, -184214863L, -1115757082L, -1533053001L, 1016094616L, 
438665056L, -1950363988L, 1332673663L, -128176745L, 1579620568L, 
-759613060L, -1901803896L, -771079537L, 2028284020L, 1730191781L, 
-2067541328L, -1384608808L, 2125397065L, 378528574L, -107102146L, 
-757942018L, 111557408L, -86277304L, 1756233633L, -1095320716L, 
1316466337L, 919314644L, 1401380472L, 1135680856L, -998862211L, 
-6769062L, 665174830L, 716437210L, -607170588L, 1981832536L, 
-468307978L, 1452993151L, -1773833883L, 2076414028L, 1368739567L, 
-122060816L, 964711017L, -899821059L, 2017156808L, -295906342L, 
1041322433L, 1424160255L, -257707328L, 1324682864L, -1833771858L, 
-1635995670L, 1443975975L, 535894865L, 1316269472L, 1826171308L, 
-1411516448L, -1734115666L, 642547557L, 116486508L, -1610655674L, 
-246057378L, -365820091L, 1897318228L, 727404274L, 121703077L, 
368768500L, 1760134429L, 1467206033L, 2026855846L, -1462395854L, 
382122160L, 129419666L, -1068274148L, 1906154409L, -1517296493L, 
2023992680L, 286432006L, -1574887177L, 140785316L, -624783637L, 
-1157655889L, 1853593962L, -1693867119L, 1576684406L, 1805031446L, 
-1244541730L, 1565650953L, -1046090004L, 1069420501L, 1762259821L, 
1637236337L, -2074632584L, 258956782L, -602409512L, -3370523L, 
-1144086417L, -1139546026L, 1595263026L, 110133186L, 179677460L, 
-1756577102L, 808445551L, 1424984146L, 528915497L, -340779680L, 
-2120769565L, -9236745L, 2005047201L, -1412957772L, -1579494473L, 
1358684170L, -918343155L, 1770824109L, 37834000L, 1279328982L, 
-2038983351L, 1330809463L, 434542955L, 1702206016L, -1731773272L, 
-1562345221L, -161476501L, -299386730L, 1280792333L, 1401534467L, 
1721284811L, -1397416990L, 1915767881L, 1413206476L, -742123925L, 
848332551L, 1967911613L, 1742424744L, 286986515L, 596028401L, 
45512936L, 2028943015L, -128085822L, -1549133073L, -1198586491L, 
739828426L, 1244278288L, 2127606432L, 722107544L, -2108762081L, 
-2095051482L, 1141493682L, -1002346132L, 1103159552L, -1935331111L, 
447462563L, -1225068726L, 1637200770L, -2109809198L, -1548079886L, 
822842285L, -1130025156L, 1728181677L, -695830548L, -93939134L, 
